Hands on keyboard,1351,974,1644,1022,1050,1104,880,960,1082,715,681,693,807,814,1386,744,898,839,996,909,898,836,754,1022,1141,915,1037,708,724,986,2

Hands away from keyboard,1077,863,887,1094,1026,997,1171,1009,895,936,959,1047,913,889,831,847,823,1079,970,884,929,906,804,1008,1153,1227,1075,926,1042,1254,1

Hands on trackpad,2794,1630,1309,1236,2820,1290,1537,1300,1889,1287,1809,1840,1587,1880,1253,1289,1376,1391,1538,1419,1244,1331,992,1198,1704,1236,1955,1405,1845,1351,2

Webcam gestures,1004,1377,1386,2039,7433,1704,1903,1504,3764,1746,1606,1197,1320,1320,3591,1657,1271,5218,1452,1395,2510,1404,1545,2063,1685,1765,1210,1303,1391,1384,21

Webcam gestures,1771,1309,1334,1220,1370,1338,1829,1355,1649,1830,1906,1803,1427,1575,1705,1064,6080,1453,1442,3826,1200,1830,1660,1264,1592,1574,1485,1313,3742,1429,14

Webcam gestures,1186,1242,1199,1702,1714,1275,1302,1790,1492,1154,1076,1088,1343,1269,1809,1266,1480,1108,1343,1263,1314,1215,1242,1205,1440,1695,1497,1420,1827,1257,19

