Hands on keyboard,1924,1033,1332,1655,1262,1824,1491,1600,1167,1066,1424,1806,1138,1521,1185,1321,1325,1145,1403,1209,1754,1250,1470,1113,1661,1507,1562,1446,1216,1292,0

Hands away from keyboard,1691,1799,1391,1193,4594,1372,1138,1597,1270,1609,1345,1642,3474,1457,1335,1238,1654,1593,1524,1496,1396,1421,1631,1304,1324,4146,1478,1256,1382,1315,3

Hands on trackpad,2850,3174,2838,3187,4138,2922,2816,2183,2339,3261,4095,3579,3029,3301,3003,1970,2930,2914,3116,2786,3169,2314,2833,2971,2276,2276,3119,3753,2587,2037,2

Webcam gestures,1325,1105,1448,977,1196,1278,1170,1274,1703,1388,1442,2353,1584,1213,1141,3078,1227,1716,1533,1562,3024,1974,4458,1524,1328,1493,1517,1637,1563,1305,17

Webcam gestures,2725,2725,3895,1722,2011,3208,4707,1951,1494,1270,2788,1984,2633,902,1065,3013,1304,1511,2011,1636,4314,1197,2089,1438,1860,1311,1710,1612,2151,1653,21

Webcam gestures,1308,1308,1529,1704,1239,1239,1520,1801,1409,1385,1805,1341,1159,1786,1284,1222,1399,1248,1883,1172,1172,1692,1377,1251,1496,1601,1123,1600,1429,1920,14

Webcam gestures,1369,1521,1440,1528,1455,1458,2223,3309,1415,2054,1326,1415,1417,1533,1267,1552,1839,2658,1504,1382,649,2040,1714,218,3312,2309,22,1364,1426,2121,15

