Hands on keyboard,1366,1026,754,1098,841,971,722,815,799,1030,786,737,921,869,803,810,827,684,990,866,718,776,695,1651,617,777,709,1009,809,735,0

Hands away from keyboard,1031,788,1040,1084,951,1181,1078,918,961,1009,889,1041,951,905,932,1051,1052,1031,1023,970,1052,981,1077,1009,992,1030,979,856,992,902,0

Hands on trackpad,1813,1667,1582,1541,2109,1662,2335,1949,1945,1561,1795,1631,3157,1633,2032,1602,1653,1825,1407,1511,1543,1374,1755,1558,1700,1629,1883,1624,2095,1525,0

Webcam gestures,2290,877,1159,1371,1304,923,1116,1205,1390,1086,1473,932,1369,992,1577,1158,995,1345,1259,1370,1361,1093,1186,1297,1107,1224,1246,1264,1533,1193,11

Webcam gestures,750,1623,1073,1029,1020,1052,1387,1300,1108,1373,1171,1230,2058,1168,2629,1229,1154,4111,1506,1506,957,1079,2691,1231,1115,1126,1247,1110,1099,1043,7

Webcam gestures,746,2380,1377,2645,1231,1139,1239,1282,1024,1176,1177,1094,1190,1190,1143,1249,1472,1146,1216,1113,1113,1178,983,988,1206,1206,1139,1052,1504,1153,9

Webcam gestures,1191,2681,1369,933,1031,1002,1284,2484,1307,1882,1113,2158,996,979,1187,1120,1672,1141,918,856,1510,2413,2016,1080,1048,893,1242,1318,1187,865,13

